10,134
10,28
10,74
10,188
10,158
10,176
10,82
10,2
9,7
9,6
9,1
9,4
9,2
9,3
8,9
8,12
8,16
8,11
8,4
8,17
0,529
39,3
39,1
30,3
30,2
30,1
30,0
29,3
29,2
29,1
29,0
28,3
28,2
28,1
28,0
27,4
27,3
27,2
27,1
27,0
26,3
26,2
26,1
26,0
25,3
25,2
25,1
25,0
20,3
20,2
20,1
19,2
19,3
19,1
12,3
12,2
12,1
11,28
11,27
11,26
11,25
11,24
11,23
11,22
11,21
11,20
11,19
11,18
11,17
11,16
11,15
11,14
11,13
11,12
11,11
11,10
11,9
11,8
11,7
11,6
11,5
11,4
11,3
11,2
11,1
10,301
10,291
10,289
10,288
10,287
10,286
10,280
10,279
10,273
10,270
10,266
10,265
10,262
10,261
10,259
10,257
10,253
10,252
10,251
10,249
10,231
10,218
10,215
10,207
10,199
10,185
10,171
18,1
10,163
18,3
10,157
10,141
10,129
14,1
